015230
017266
011718
016058
003426
014652
014970
017267
015362
013022
011117
012054
017268
012189
017304
015617
017351
016060
015156
000146
016749
014873
017262
017263
016839
016223
017264
012473
011188
016644
016312
017265
015677
016521
017269
012258
000199
016840
016315
016063
000220
017392
014653
014654
017393
007316
007319
007323
007858
011475
000488
000488
000488
000490
000490
000495
010438
017377
000283
014225
011650
000293
000295
014601
013800
013800
017408
000303
009672
000326
000330
000333
000338
000339
008978
000341
000344
000347
008390
015330
014122
012555
013406
016784
015818
000378
000380
000388
000395
000405
000383
000383
000382
015821
010069
000517
000528
000532
000533
015381
011713
017270
014892
016408
010107
017271
014180
000623
014436
008436
016069
000629
016316
017272
016070
000630
013814
000658
000672
017389
016163
016163
016163
016163
016440
016440
016440
016440
017370
012050
016131
010163
000731
000738
000742
000744
000749
000750
010832
010833
003863
003864
010395
017305
001759
008920
001764
001771
001775
001780
012551
001784
001799
001800
013320
016061
001818
008721
008724
007944
007948
007957
016071
007960
016775
017275
017379
007952
012793
007964
007971
007972
007973
007974
016806
011539
009353
007989
007990
011693
007992
010752
001064
001064
001064
001064
001066
001066
001066
001067
001067
001067
001067
001070
001070
010087
010087
010087
010087
010088
010088
010088
010089
010089
010089
010110
010110
001082
001082
001082
016863
016863
015634
015634
000975
000981
016177
000986
000991
014740
000998
015771
000994
011469
011470
011471
001007
001009
001027
001031
001033
001039
015243
015956
001090
001095
017306
017274
001104
012057
001114
001142
001146
001150
009642
003243
003247
003253
003257
015907
004031
004032
004039
017188
013747
015032
017307
004061
011336
017359
013956
011163
011764
004066
017394
004077
011944
002046
002051
002053
002054
016239
015411
015166
014294
012069
002065
016869
009084
002068
002068
002068
002068
002068
002068
002068
002068
002073
009123
009125
002075
002086
002086
002086
002086
002086
002086
002086
002086
002096
013795
002099
002104
014301
002107
010192
002122
002123
002124
002125
002126
017400
013818
001204
001204
001204
001204
001204
001204
001204
001204
001206
001206
001206
001206
001206
001206
001206
001206
001208
017273
001222
001222
001224
001224
001226
014989
017276
010493
010530
012084
015169
008485
011852
014895
017277
017277
017277
012269
014451
012650
014465
001262
017308
017284
001278
017279
017371
015643
017319
001303
015331
015361
001327
012621
016529
012964
015431
002463
012494
002472
002464
014220
010006
002489
016075
014725
002497
016445
002499
002500
002501
016495
014456
002521
012857
010188
013410
002551
002540
002542
002543
009560
008556
002552
015718
016533
002559
014754
013810
011164
012709
013792
017395
009283
001381
001380
016903
001386
001388
001387
001389
001391
001392
017280
001413
001397
001410
012512
001415
001403
009251
015644
008613
001428
010942
013334
001435
001437
013314
013314
013314
001440
001446
001449
001450
001452
001454
001456
001460
001462
001467
001476
001477
001478
001479
001480
001481
001482
001483
009056
009088
016664
016330
001521
001525
001526
016948
001538
012479
011183
013699
016904
008594
001561
001563
001569
014233
014233
014234
014731
012646
012646
012812
017309
014728
016870
017326
016665
013922
002518
002518
012448
010769
012025
017357
017396
010435
014942
017372
016672
017281
017258
016251
002598
002598
002598
002598
002659
017310
002605
014995
002608
002656
002629
016871
016786
016669
002681
002683
002684
002663
012193
017282
002700
002705
002709
002725
009392
002734
002735
017311
016872
016873
016874
017387
011569
010996
017283
010067
014464
013754
017312
010856
008702
008107
008108
008958
008113
011016
013342
002845
002845
002845
002845
002845
002845
002845
002845
002845
002845
002845
002846
002849
002849
002849
002849
002851
002851
002851
002851
002853
002853
002853
002853
002853
002853
002854
002854
002854
002854
002859
002859
002859
002859
015412
015412
015412
010093
002861
002861
010824
017299
015961
017373
017285
017286
008153
017289
012819
017391
002929
002930
012421
016822
016965
016516
016971
016972
016973
016141
016418
015729
015835
016422
015742
015277
012873
016427
016986
014797
016991
017049
016435
011152
011153
009622
003015
003010
012239
017290
016876
003043
009929
008389
003088
008773
003099
003137
003137
003137
003137
003138
003142
003142
003143
003143
003150
003152
017313
015240
015884
003155
003159
016240
017314
003193
003203
003208
017363
016960
017376
010857
007285
017315
014971
003301
003303
015655
009403
009649
014727
016511
014898
016850
015181
016602
016877
003353
003365
003372
003385
015911
003414
014485
003422
016878
016615
003436
003436
003436
003436
003436
003436
015416
013985
014240
017291
014950
017292
003472
013008
017298
014014
017316
017293
017380
003495
003495
003499
011537
003523
003526
011951
012334
016800
012335
012129
017364
015348
008463
012777
014303
017365
003577
017366
005099
005101
016851
004537
003777
003779
010507
015189
017317
013536
015916
016497
012282
014058
012985
017404
017403
003897
003897
003897
003897
003897
016459
003900
003900
014255
010775
003907
003911
003916
003924
003924
003924
003924
003926
003926
003926
003930
003930
003932
003934
013787
017328
010639
003856
003859
009382
017320
004878
004878
004878
012078
004880
004880
004882
004882
013763
010189
011739
017321
016962
017322
017323
017384
017385
017386
003944
003948
003948
003954
003969
014019
004322
008460
016358
013797
014267
004328
004329
004336
015658
002324
002334
002329
002333
002335
002339
002342
002344
002346
002348
016337
017354
002363
012854
012854
009387
002379
015247
008214
016354
008273
002419
002427
015295
002400
009311
016911
016527
002446
012071
012071
017353
004139
004139
004139
004140
004140
004140
012060
012060
012060
004149
004149
004149
004149
004150
004150
004150
004151
004151
016955
008464
004158
004158
012831
012831
012832
004177
009029
004194
012830
009959
004188
004172
004199
017300
012062
004205
013287
012913
012178
012179
012934
012863
012516
012391
012360
000876
016928
000880
000882
010615
015196
014498
000896
000897
000898
012849
000912
010591
004416
004416
004416
004416
004416
004416
004417
014290
016471
013347
013347
013347
013347
013347
013347
013347
013347
013347
013347
013347
013347
013347
013347
013347
001192
001193
016913
014837
017397
016590
015027
017324
004400
015026
004408
012605
004414
004443
017287
015657
004449
004453
014899
016557
016349
017288
004481
004497
008892
004500
004503
004511
015154
016537
012911
010437
017356
016518
010436
012109
017325
014507
009122
012912
014052
013327
004647
004662
004664
004664
004666
017398
015970
017383
012019
004700
015248
014508
005588
016720
013553
015232
016884
016886
015666
016096
017358
011367
011368
005668
016127
015980
007996
007999
012833
008002
008005
010402
010655
008007
012553
008008
017004
017004
008651
008012
008013
008016
009316
008014
009161
008403
016128
004867
004869
008152
004890
004892
017329
017330
004927
004931
014708
004955
004961
011027
016371
004977
004982
012540
016942
004988
005122
005128
005128
005130
005130
015668
009699
009698
010420
005149
005154
016463
005158
005163
010845
016569
016570
005180
005184
005185
005186
005188
005189
016129
005208
011442
005277
005278
005281
016919
016919
005291
009357
005299
012920
017334
013122
013781
005329
009582
010956
005339
005343
005356
005358
005367
008994
008841
009187
009188
016338
016556
008953
005383
017367
005392
017021
010332
016943
012704
005415
005422
014882
005425
016490
008559
005439
017368
015359
001471
009934
011445
005536
005536
005536
015202
009103
009103
010597
017331
017369
005558
016901
017374
005590
012437
013293
005602
005604
012087
016346
005629
014735
014026
017294
008766
005664
015760
005695
005702
010094
010185
009523
017003
017401
016113
017295
014711
014712
011608
005979
015215
014256
017296
010957
006012
014959
017332
017333
013336
017350
017297
006062
006065
006071
011956
017399
016491
010486
010562
011448
014352
014757
017362
016558
006268
006268
010422
006272
006275
006296
013883
013269
013270
015051
017378
017335
006290
016467
017336
015672
006306
013442
006333
011922
014758
013596
013596
014732
016468
017152
014759
006393
006395
006397
008967
006408
014526
006464
014975
017337
017338
011168
006470
006561
016941
016493
006656
006656
006656
006656
006656
006656
006656
006656
006656
006656
006656
006656
006656
006660
006660
006660
006660
006660
006660
006660
006660
006662
006662
006662
006662
006662
006662
006664
006664
006664
006664
006664
006664
006664
006664
006664
006664
006664
006665
006665
006665
006665
006665
006665
012677
012677
006669
006669
006669
009308
009308
009308
006672
013584
010961
015213
014185
017375
006677
006681
011328
013744
017065
017339
015696
006721
017361
017360
016301
017355
012122
006772
006772
006772
006772
006772
006772
006772
006772
011753
001405
017340
011860
014537
015697
010405
006765
014135
012120
016712
016713
017158
017159
016103
017402
017345
017341
012093
016506
017342
016715
006808
014073
006817
006818
006826
006827
009742
006842
006855
006861
011767
006883
006886
006887
006892
011781
006909
006910
006914
006917
016351
006930
016846
006954
008748
009541
006968
006969
006970
006971
006972
006973
006974
006987
006992
009053
013877
006997
007000
010376
010377
013407
014716
017352
007848
008705
008705
008947
014269
014269
007893
007896
011621
016109
017343
017344
016475
012844
016305
011759
007931
015485
015486
007932
007933
010456
011306
010761
007202
007204
012513
012514
016931
017346
013330
013591
012097
007216
007216
007218
007218
007220
008907
012668
012327
014958
014277
007222
007222
016927
017347
017348
012132
012132
014913
011722
007232
017388
007224
014979
014998
007255
014734
011446
016897
017349
016917
016918
017327
